 -1  -1    NotUsed N/A -1 -1 -1  0  0  -1  0 -1   -1 NAN  4  7
 -1  -1    NotUsed N/A -1 -1 -1  0  1  -1  0 -1   -1 NAN  4  6
 -1  -1    NotUsed N/A -1 -1 -1  0  2  -1  0 -1   -1 NAN  4  5
 -1  -1    NotUsed N/A -1 -1 -1  0  3  -1  0 -1   -1 NAN  4  4
 -1  -1    NotUsed N/A -1 -1 -1  0  4  -1  0 -1   -1 NAN  4  3
 -1  -1    NotUsed N/A -1 -1 -1  0  5  -1  0 -1   -1 NAN  4  2
 -1  -1    NotUsed N/A -1 -1 -1  0  6  -1  0 -1   -1 NAN  4  1
 -1  -1    NotUsed N/A -1 -1 -1  0  7  -1  0 -1   -1 NAN  4  0
 -1  -1    NotUsed N/A -1 -1 -1  0  8  -1  0 -1   -1 NAN  4 15
 -1  -1    NotUsed N/A -1 -1 -1  0  9  -1  0 -1   -1 NAN  4 14
 -1  -1    NotUsed N/A -1 -1 -1  0 10  -1  0 -1   -1 NAN  4 13
 -1  -1    NotUsed N/A -1 -1 -1  0 11  -1  0 -1   -1 NAN  4 12
 -1  -1    NotUsed N/A -1 -1 -1  0 12  -1  0 -1   -1 NAN  4 11
 -1  -1    NotUsed N/A -1 -1 -1  0 13  -1  0 -1   -1 NAN  4 10
 -1  -1    NotUsed N/A -1 -1 -1  0 14  -1  0 -1   -1 NAN  4  9
 -1  -1    NotUsed N/A -1 -1 -1  0 15  -1  0 -1   -1 NAN  4  8
 -1  -1    NotUsed N/A -1 -1 -1  1  0  -1  0 -1   -1 NAN  4 23
 -1  -1    NotUsed N/A -1 -1 -1  1  1  -1  0 -1   -1 NAN  4 22
 -1  -1    NotUsed N/A -1 -1 -1  1  2  -1  0 -1   -1 NAN  4 21
 -1  -1    NotUsed N/A -1 -1 -1  1  3  -1  0 -1   -1 NAN  4 20
 -1  -1    NotUsed N/A -1 -1 -1  1  4  -1  0 -1   -1 NAN  4 19
 -1  -1    NotUsed N/A -1 -1 -1  1  5  -1  0 -1   -1 NAN  4 18
 -1  -1    NotUsed N/A -1 -1 -1  1  6  -1  0 -1   -1 NAN  4 17
 -1  -1    NotUsed N/A -1 -1 -1  1  7  -1  0 -1   -1 NAN  4 16
 -1  -1    NotUsed N/A -1 -1 -1  1  8  -1  0 -1   -1 NAN  4 31
 -1  -1    NotUsed N/A -1 -1 -1  1  9  -1  0 -1   -1 NAN  4 30
 -1  -1    NotUsed N/A -1 -1 -1  1 10  -1  0 -1   -1 NAN  4 29
 -1  -1    NotUsed N/A -1 -1 -1  1 11  -1  0 -1   -1 NAN  4 28
 -1  -1    NotUsed N/A -1 -1 -1  1 12  -1  0 -1   -1 NAN  4 27
 -1  -1    NotUsed N/A -1 -1 -1  1 13  -1  0 -1   -1 NAN  4 26
 -1  -1    NotUsed N/A -1 -1 -1  1 14  -1  0 -1   -1 NAN  4 25
 -1  -1    NotUsed N/A -1 -1 -1  1 15  -1  0 -1   -1 NAN  4 24
256 224 Collection J14  3  2  3  2  0  32  0  0   32  20  4 39
257 223 Collection J14  4  2  6  2  1  33  0  0   33  21  4 38
258 222 Collection J14  5  2  9  2  2  34  0  0   34  22  4 37
259 221 Collection J14  6  2 12  2  3  35  0  0   35  23  4 36
260 220 Collection J14  7  2 15  2  4  36  0  0   36  24  4 35
261 219 Collection J14  8  2 18  2  5  37  0  0   37  25  4 34
262 218 Collection J14  9  2 21  2  6  38  0  0   38  26  4 33
263 217 Collection J14 10  2 24  2  7  39  0  0   39  27  4 32
264 216 Collection J14 11  2 27  2  8  40  0  0   40  28  4 47
265 215 Collection J14 12  2 30  2  9  41  0  0   41  29  4 46
266 214 Collection J14 13  2 33  2 10  42  0  0   42  2A  4 45
267 213 Collection J14 14  2 36  2 11  43  0  0   43  2B  4 44
268 212 Collection J14 15  2 39  2 12  44  0  0   44  2C  4 43
269 211 Collection J14 16  2 42  2 13  45  0  0   45  2D  4 42
270 210 Collection J14 17  2 45  2 14  46  0  0   46  2E  4 41
271 209 Collection J14 18  2 48  2 15  47  0  0   47  2F  4 40
240 240 Collection  J8  3  1 51  3  0  48  0  0   48  30  4 55
241 239 Collection  J8  4  1 54  3  1  49  0  0   49  31  4 54
242 238 Collection  J8  5  1 57  3  2  50  0  0   50  32  4 53
243 237 Collection  J8  6  1 60  3  3  51  0  0   51  33  4 52
244 236 Collection  J8  7  1 63  3  4  52  0  0   52  34  4 51
245 235 Collection  J8  8  1 66  3  5  53  0  0   53  35  4 50
246 234 Collection  J8  9  1 69  3  6  54  0  0   54  36  4 49
247 233 Collection  J8 10  1 72  3  7  55  0  0   55  37  4 48
248 232 Collection  J8 11  1 75  3  8  56  0  0   56  38  4 63
249 231 Collection  J8 12  1 78  3  9  57  0  0   57  39  4 62
250 230 Collection  J8 13  1 81  3 10  58  0  0   58  3A  4 61
251 229 Collection  J8 14  1 84  3 11  59  0  0   59  3B  4 60
252 228 Collection  J8 15  1 87  3 12  60  0  0   60  3C  4 59
253 227 Collection  J8 16  1 90  3 13  61  0  0   61  3D  4 58
254 226 Collection  J8 17  1 93  3 14  62  0  0   62  3E  4 57
255 225 Collection  J8 18  1 96  3 15  63  0  0   63  3F  4 56
 -1  -1    NotUsed N/A -1 -1 -1  4  0  -1  0 -1   -1 NAN  5  7
 -1  -1    NotUsed N/A -1 -1 -1  4  1  -1  0 -1   -1 NAN  5  6
 -1  -1    NotUsed N/A -1 -1 -1  4  2  -1  0 -1   -1 NAN  5  5
 -1  -1    NotUsed N/A -1 -1 -1  4  3  -1  0 -1   -1 NAN  5  4
 -1  -1    NotUsed N/A -1 -1 -1  4  4  -1  0 -1   -1 NAN  5  3
 -1  -1    NotUsed N/A -1 -1 -1  4  5  -1  0 -1   -1 NAN  5  2
 -1  -1    NotUsed N/A -1 -1 -1  4  6  -1  0 -1   -1 NAN  5  1
 -1  -1    NotUsed N/A -1 -1 -1  4  7  -1  0 -1   -1 NAN  5  0
 -1  -1    NotUsed N/A -1 -1 -1  4  8  -1  0 -1   -1 NAN  5 15
 -1  -1    NotUsed N/A -1 -1 -1  4  9  -1  0 -1   -1 NAN  5 14
 -1  -1    NotUsed N/A -1 -1 -1  4 10  -1  0 -1   -1 NAN  5 13
 -1  -1    NotUsed N/A -1 -1 -1  4 11  -1  0 -1   -1 NAN  5 12
 -1  -1    NotUsed N/A -1 -1 -1  4 12  -1  0 -1   -1 NAN  5 11
 -1  -1    NotUsed N/A -1 -1 -1  4 13  -1  0 -1   -1 NAN  5 10
 -1  -1    NotUsed N/A -1 -1 -1  4 14  -1  0 -1   -1 NAN  5  9
 -1  -1    NotUsed N/A -1 -1 -1  4 15  -1  0 -1   -1 NAN  5  8
 -1  -1    NotUsed N/A -1 -1 -1  5  0  -1  0 -1   -1 NAN  5 23
 -1  -1    NotUsed N/A -1 -1 -1  5  1  -1  0 -1   -1 NAN  5 22
 -1  -1    NotUsed N/A -1 -1 -1  5  2  -1  0 -1   -1 NAN  5 21
 -1  -1    NotUsed N/A -1 -1 -1  5  3  -1  0 -1   -1 NAN  5 20
 -1  -1    NotUsed N/A -1 -1 -1  5  4  -1  0 -1   -1 NAN  5 19
 -1  -1    NotUsed N/A -1 -1 -1  5  5  -1  0 -1   -1 NAN  5 18
 -1  -1    NotUsed N/A -1 -1 -1  5  6  -1  0 -1   -1 NAN  5 17
 -1  -1    NotUsed N/A -1 -1 -1  5  7  -1  0 -1   -1 NAN  5 16
 -1  -1    NotUsed N/A -1 -1 -1  5  8  -1  0 -1   -1 NAN  5 31
 -1  -1    NotUsed N/A -1 -1 -1  5  9  -1  0 -1   -1 NAN  5 30
 -1  -1    NotUsed N/A -1 -1 -1  5 10  -1  0 -1   -1 NAN  5 29
 -1  -1    NotUsed N/A -1 -1 -1  5 11  -1  0 -1   -1 NAN  5 28
 -1  -1    NotUsed N/A -1 -1 -1  5 12  -1  0 -1   -1 NAN  5 27
 -1  -1    NotUsed N/A -1 -1 -1  5 13  -1  0 -1   -1 NAN  5 26
 -1  -1    NotUsed N/A -1 -1 -1  5 14  -1  0 -1   -1 NAN  5 25
 -1  -1    NotUsed N/A -1 -1 -1  5 15  -1  0 -1   -1 NAN  5 24
272 208 Collection J20  3  2 51  6  0  96  0  0   96  60  5 39
273 207 Collection J20  4  2 54  6  1  97  0  0   97  61  5 38
274 206 Collection J20  5  2 57  6  2  98  0  0   98  62  5 37
275 205 Collection J20  6  2 60  6  3  99  0  0   99  63  5 36
276 204 Collection J20  7  2 63  6  4 100  0  0  100  64  5 35
277 203 Collection J20  8  2 66  6  5 101  0  0  101  65  5 34
278 202 Collection J20  9  2 69  6  6 102  0  0  102  66  5 33
279 201 Collection J20 10  2 72  6  7 103  0  0  103  67  5 32
280 200 Collection J20 11  2 75  6  8 104  0  0  104  68  5 47
281 199 Collection J20 12  2 78  6  9 105  0  0  105  69  5 46
282 198 Collection J20 13  2 81  6 10 106  0  0  106  6A  5 45
283 197 Collection J20 14  2 84  6 11 107  0  0  107  6B  5 44
284 196 Collection J20 15  2 87  6 12 108  0  0  108  6C  5 43
285 195 Collection J20 16  2 90  6 13 109  0  0  109  6D  5 42
286 194 Collection J20 17  2 93  6 14 110  0  0  110  6E  5 41
287 193 Collection J20 18  2 96  6 15 111  0  0  111  6F  5 40
 -1  -1    NotUsed N/A -1 -1 -1  7  0  -1  0 -1   -1 NAN  5 55
 -1  -1    NotUsed N/A -1 -1 -1  7  1  -1  0 -1   -1 NAN  5 54
 -1  -1    NotUsed N/A -1 -1 -1  7  2  -1  0 -1   -1 NAN  5 53
 -1  -1    NotUsed N/A -1 -1 -1  7  3  -1  0 -1   -1 NAN  5 52
 -1  -1    NotUsed N/A -1 -1 -1  7  4  -1  0 -1   -1 NAN  5 51
 -1  -1    NotUsed N/A -1 -1 -1  7  5  -1  0 -1   -1 NAN  5 50
 -1  -1    NotUsed N/A -1 -1 -1  7  6  -1  0 -1   -1 NAN  5 49
 -1  -1    NotUsed N/A -1 -1 -1  7  7  -1  0 -1   -1 NAN  5 48
 -1  -1    NotUsed N/A -1 -1 -1  7  8  -1  0 -1   -1 NAN  5 63
 -1  -1    NotUsed N/A -1 -1 -1  7  9  -1  0 -1   -1 NAN  5 62
 -1  -1    NotUsed N/A -1 -1 -1  7 10  -1  0 -1   -1 NAN  5 61
 -1  -1    NotUsed N/A -1 -1 -1  7 11  -1  0 -1   -1 NAN  5 60
 -1  -1    NotUsed N/A -1 -1 -1  7 12  -1  0 -1   -1 NAN  5 59
 -1  -1    NotUsed N/A -1 -1 -1  7 13  -1  0 -1   -1 NAN  5 58
 -1  -1    NotUsed N/A -1 -1 -1  7 14  -1  0 -1   -1 NAN  5 57
 -1  -1    NotUsed N/A -1 -1 -1  7 15  -1  0 -1   -1 NAN  5 56
 31 161  Induction J11 18  1 94  0  0   1  1  0  257 101  6  7
 30 162  Induction J11 17  1 91  0  1   0  1  0  256 100  6  6
 29 163  Induction J11 16  1 88  0  2   2  1  0  258 102  6  5
 28 164  Induction J11 15  1 85  0  3   3  1  0  259 103  6  4
 27 165  Induction J11 14  1 82  0  4   4  1  0  260 104  6  3
 26 166  Induction J11 13  1 79  0  5   5  1  0  261 105  6  2
 25 167  Induction J11 12  1 76  0  6   6  1  0  262 106  6  1
 24 168  Induction J11 11  1 73  0  7   7  1  0  263 107  6  0
 23 169  Induction J11 10  1 70  0  8   8  1  0  264 108  6 15
 22 170  Induction J11  9  1 67  0  9   9  1  0  265 109  6 14
 21 171  Induction J11  8  1 64  0 10  10  1  0  266 10A  6 13
 20 172  Induction J11  7  1 61  0 11  11  1  0  267 10B  6 12
 19 173  Induction J11  6  1 58  0 12  12  1  0  268 10C  6 11
 18 174  Induction J11  5  1 55  0 13  13  1  0  269 10D  6 10
 17 175  Induction J11  4  1 52  0 14  14  1  0  270 10E  6  9
 16 176  Induction J11  3  1 49  0 15  15  1  0  271 10F  6  8
 15 177  Induction  J5 18  1 46  1  0  16  1  0  272 110  6 23
 14 178  Induction  J5 17  1 43  1  1  17  1  0  273 111  6 22
 13 179  Induction  J5 16  1 40  1  2  18  1  0  274 112  6 21
 12 180  Induction  J5 15  1 37  1  3  19  1  0  275 113  6 20
 11 181  Induction  J5 14  1 34  1  4  20  1  0  276 114  6 19
 10 182  Induction  J5 13  1 31  1  5  21  1  0  277 115  6 18
  9 183  Induction  J5 12  1 28  1  6  22  1  0  278 116  6 17
  8 184  Induction  J5 11  1 25  1  7  23  1  0  279 117  6 16
  7 185  Induction  J5 10  1 22  1  8  24  1  0  280 118  6 31
  6 186  Induction  J5  9  1 19  1  9  25  1  0  281 119  6 30
  5 187  Induction  J5  8  1 16  1 10  26  1  0  282 11A  6 29
  4 188  Induction  J5  7  1 13  1 11  27  1  0  283 11B  6 28
  3 189  Induction  J5  6  1 10  1 12  28  1  0  284 11C  6 27
  2 190  Induction  J5  5  1  7  1 13  29  1  0  285 11D  6 26
  1 191  Induction  J5  4  1  4  1 14  30  1  0  286 11E  6 25
  0 192  Induction  J5  3  1  1  1 15  31  1  0  287 11F  6 24
304 176 Collection J14  3  1 51  2  0  32  1  0  288 120  6 39
305 175 Collection J14  4  1 54  2  1  33  1  0  289 121  6 38
306 174 Collection J14  5  1 57  2  2  34  1  0  290 122  6 37
307 173 Collection J14  6  1 60  2  3  35  1  0  291 123  6 36
308 172 Collection J14  7  1 63  2  4  36  1  0  292 124  6 35
309 171 Collection J14  8  1 66  2  5  37  1  0  293 125  6 34
310 170 Collection J14  9  1 69  2  6  38  1  0  294 126  6 33
311 169 Collection J14 10  1 72  2  7  39  1  0  295 127  6 32
312 168 Collection J14 11  1 75  2  8  40  1  0  296 128  6 47
313 167 Collection J14 12  1 78  2  9  41  1  0  297 129  6 46
314 166 Collection J14 13  1 81  2 10  42  1  0  298 12A  6 45
315 165 Collection J14 14  1 84  2 11  43  1  0  299 12B  6 44
316 164 Collection J14 15  1 87  2 12  44  1  0  300 12C  6 43
317 163 Collection J14 16  1 90  2 13  45  1  0  301 12D  6 42
318 162 Collection J14 17  1 93  2 14  46  1  0  302 12E  6 41
319 161 Collection J14 18  1 96  2 15  47  1  0  303 12F  6 40
288 192 Collection  J8  3  1  3  3  0  48  1  0  304 130  6 55
289 191 Collection  J8  4  1  6  3  1  49  1  0  305 131  6 54
290 190 Collection  J8  5  1  9  3  2  50  1  0  306 132  6 53
291 189 Collection  J8  6  1 12  3  3  51  1  0  307 133  6 52
292 188 Collection  J8  7  1 15  3  4  52  1  0  308 134  6 51
293 187 Collection  J8  8  1 18  3  5  53  1  0  309 135  6 50
294 186 Collection  J8  9  1 21  3  6  54  1  0  310 136  6 49
295 185 Collection  J8 10  1 24  3  7  55  1  0  311 137  6 48
296 184 Collection  J8 11  1 27  3  8  56  1  0  312 138  6 63
297 183 Collection  J8 12  1 30  3  9  57  1  0  313 139  6 62
298 182 Collection  J8 13  1 33  3 10  58  1  0  314 13A  6 61
299 181 Collection  J8 14  1 36  3 11  59  1  0  315 13B  6 60
300 180 Collection  J8 15  1 39  3 12  60  1  0  316 13C  6 59
301 179 Collection  J8 16  1 42  3 13  61  1  0  317 13D  6 58
302 178 Collection  J8 17  1 45  3 14  62  1  0  318 13E  6 57
303 177 Collection  J8 18  1 48  3 15  63  1  0  319 13F  6 56
 47 145  Induction J17 18  2 46  4  0  64  1  0  320 140  7  7
 46 146  Induction J17 17  2 43  4  1  65  1  0  321 141  7  6
 45 147  Induction J17 16  2 40  4  2  66  1  0  322 142  7  5
 44 148  Induction J17 15  2 37  4  3  67  1  0  323 143  7  4
 43 149  Induction J17 14  2 34  4  4  68  1  0  324 144  7  3
 42 150  Induction J17 13  2 31  4  5  69  1  0  325 145  7  2
 41 151  Induction J17 12  2 28  4  6  70  1  0  326 146  7  1
 40 152  Induction J17 11  2 25  4  7  71  1  0  327 147  7  0
 39 153  Induction J17 10  2 22  4  8  72  1  0  328 148  7 15
 38 154  Induction J17  9  2 19  4  9  73  1  0  329 149  7 14
 37 155  Induction J17  8  2 16  4 10  74  1  0  330 14A  7 13
 36 156  Induction J17  7  2 13  4 11  75  1  0  331 14B  7 12
 35 157  Induction J17  6  2 10  4 12  76  1  0  332 14C  7 11
 34 158  Induction J17  5  2  7  4 13  77  1  0  333 14D  7 10
 33 159  Induction J17  4  2  4  4 14  78  1  0  334 14E  7  9
 32 160  Induction J17  3  2  1  4 15  79  1  0  335 14F  7  8
 63 129  Induction J23 18  2 94  5  0  80  1  0  336 150  7 23
 62 130  Induction J23 17  2 91  5  1  81  1  0  337 151  7 22
 61 131  Induction J23 16  2 88  5  2  82  1  0  338 152  7 21
 60 132  Induction J23 15  2 85  5  3  83  1  0  339 153  7 20
 59 133  Induction J23 14  2 82  5  4  84  1  0  340 154  7 19
 58 134  Induction J23 13  2 79  5  5  85  1  0  341 155  7 18
 57 135  Induction J23 12  2 76  5  6  86  1  0  342 156  7 17
 56 136  Induction J23 11  2 73  5  7  87  1  0  343 157  7 16
 55 137  Induction J23 10  2 70  5  8  88  1  0  344 158  7 31
 54 138  Induction J23  9  2 67  5  9  89  1  0  345 159  7 30
 53 139  Induction J23  8  2 64  5 10  90  1  0  346 15A  7 29
 52 140  Induction J23  7  2 61  5 11  91  1  0  347 15B  7 28
 51 141  Induction J23  6  2 58  5 12  92  1  0  348 15C  7 27
 50 142  Induction J23  5  2 55  5 13  93  1  0  349 15D  7 26
 49 143  Induction J23  4  2 52  5 14  94  1  0  350 15E  7 25
 48 144  Induction J23  3  2 49  5 15  95  1  0  351 15F  7 24
320 160 Collection J20  3  2  3  6  0  96  1  0  352 160  7 39
321 159 Collection J20  4  2  6  6  1  97  1  0  353 161  7 38
322 158 Collection J20  5  2  9  6  2  98  1  0  354 162  7 37
323 157 Collection J20  6  2 12  6  3  99  1  0  355 163  7 36
324 156 Collection J20  7  2 15  6  4 100  1  0  356 164  7 35
325 155 Collection J20  8  2 18  6  5 101  1  0  357 165  7 34
326 154 Collection J20  9  2 21  6  6 102  1  0  358 166  7 33
327 153 Collection J20 10  2 24  6  7 103  1  0  359 167  7 32
328 152 Collection J20 11  2 27  6  8 104  1  0  360 168  7 47
329 151 Collection J20 12  2 30  6  9 105  1  0  361 169  7 46
330 150 Collection J20 13  2 33  6 10 106  1  0  362 16A  7 45
331 149 Collection J20 14  2 36  6 11 107  1  0  363 16B  7 44
332 148 Collection J20 15  2 39  6 12 108  1  0  364 16C  7 43
333 147 Collection J20 16  2 42  6 13 109  1  0  365 16D  7 42
334 146 Collection J20 17  2 45  6 14 110  1  0  366 16E  7 41
335 145 Collection J20 18  2 48  6 15 111  1  0  367 16F  7 40
336 144 Collection J26  3  2 51  7  0 112  1  0  368 170  7 55
337 143 Collection J26  4  2 54  7  1 113  1  0  369 171  7 54
338 142 Collection J26  5  2 57  7  2 114  1  0  370 172  7 53
339 141 Collection J26  6  2 60  7  3 115  1  0  371 173  7 52
340 140 Collection J26  7  2 63  7  4 116  1  0  372 174  7 51
341 139 Collection J26  8  2 66  7  5 117  1  0  373 175  7 50
342 138 Collection J26  9  2 69  7  6 118  1  0  374 176  7 49
343 137 Collection J26 10  2 72  7  7 119  1  0  375 177  7 48
344 136 Collection J26 11  2 75  7  8 120  1  0  376 178  7 63
345 135 Collection J26 12  2 78  7  9 121  1  0  377 179  7 62
346 134 Collection J26 13  2 81  7 10 122  1  0  378 17A  7 61
347 133 Collection J26 14  2 84  7 11 123  1  0  379 17B  7 60
348 132 Collection J26 15  2 87  7 12 124  1  0  380 17C  7 59
349 131 Collection J26 16  2 90  7 13 125  1  0  381 17D  7 58
350 130 Collection J26 17  2 93  7 14 126  1  0  382 17E  7 57
351 129 Collection J26 18  2 96  7 15 127  1  0  383 17F  7 56
 95  97  Induction J10 18  1 94  0  0   1  2  0  513 201  8  7
 94  98  Induction J10 17  1 91  0  1   0  2  0  512 200  8  6
 93  99  Induction J10 16  1 88  0  2   2  2  0  514 202  8  5
 92 100  Induction J10 15  1 85  0  3   3  2  0  515 203  8  4
 91 101  Induction J10 14  1 82  0  4   4  2  0  516 204  8  3
 90 102  Induction J10 13  1 79  0  5   5  2  0  517 205  8  2
 89 103  Induction J10 12  1 76  0  6   6  2  0  518 206  8  1
 88 104  Induction J10 11  1 73  0  7   7  2  0  519 207  8  0
 87 105  Induction J10 10  1 70  0  8   8  2  0  520 208  8 15
 86 106  Induction J10  9  1 67  0  9   9  2  0  521 209  8 14
 85 107  Induction J10  8  1 64  0 10  10  2  0  522 20A  8 13
 84 108  Induction J10  7  1 61  0 11  11  2  0  523 20B  8 12
 83 109  Induction J10  6  1 58  0 12  12  2  0  524 20C  8 11
 82 110  Induction J10  5  1 55  0 13  13  2  0  525 20D  8 10
 81 111  Induction J10  4  1 52  0 14  14  2  0  526 20E  8  9
 80 112  Induction J10  3  1 49  0 15  15  2  0  527 20F  8  8
 79 113  Induction  J4 18  1 46  1  0  16  2  0  528 210  8 23
 78 114  Induction  J4 17  1 43  1  1  17  2  0  529 211  8 22
 77 115  Induction  J4 16  1 40  1  2  18  2  0  530 212  8 21
 76 116  Induction  J4 15  1 37  1  3  19  2  0  531 213  8 20
 75 117  Induction  J4 14  1 34  1  4  20  2  0  532 214  8 19
 74 118  Induction  J4 13  1 31  1  5  21  2  0  533 215  8 18
 73 119  Induction  J4 12  1 28  1  6  22  2  0  534 216  8 17
 72 120  Induction  J4 11  1 25  1  7  23  2  0  535 217  8 16
 71 121  Induction  J4 10  1 22  1  8  24  2  0  536 218  8 31
 70 122  Induction  J4  9  1 19  1  9  25  2  0  537 219  8 30
 69 123  Induction  J4  8  1 16  1 10  26  2  0  538 21A  8 29
 68 124  Induction  J4  7  1 13  1 11  27  2  0  539 21B  8 28
 67 125  Induction  J4  6  1 10  1 12  28  2  0  540 21C  8 27
 66 126  Induction  J4  5  1  7  1 13  29  2  0  541 21D  8 26
 65 127  Induction  J4  4  1  4  1 14  30  2  0  542 21E  8 25
 64 128  Induction  J4  3  1  1  1 15  31  2  0  543 21F  8 24
368 112 Collection J13  3  1 51  2  0  32  2  0  544 220  8 39
369 111 Collection J13  4  1 54  2  1  33  2  0  545 221  8 38
370 110 Collection J13  5  1 57  2  2  34  2  0  546 222  8 37
371 109 Collection J13  6  1 60  2  3  35  2  0  547 223  8 36
372 108 Collection J13  7  1 63  2  4  36  2  0  548 224  8 35
373 107 Collection J13  8  1 66  2  5  37  2  0  549 225  8 34
374 106 Collection J13  9  1 69  2  6  38  2  0  550 226  8 33
375 105 Collection J13 10  1 72  2  7  39  2  0  551 227  8 32
376 104 Collection J13 11  1 75  2  8  40  2  0  552 228  8 47
377 103 Collection J13 12  1 78  2  9  41  2  0  553 229  8 46
378 102 Collection J13 13  1 81  2 10  42  2  0  554 22A  8 45
379 101 Collection J13 14  1 84  2 11  43  2  0  555 22B  8 44
380 100 Collection J13 15  1 87  2 12  44  2  0  556 22C  8 43
381  99 Collection J13 16  1 90  2 13  45  2  0  557 22D  8 42
382  98 Collection J13 17  1 93  2 14  46  2  0  558 22E  8 41
383  97 Collection J13 18  1 96  2 15  47  2  0  559 22F  8 40
352 128 Collection  J7  3  1  3  3  0  48  2  0  560 230  8 55
353 127 Collection  J7  4  1  6  3  1  49  2  0  561 231  8 54
354 126 Collection  J7  5  1  9  3  2  50  2  0  562 232  8 53
355 125 Collection  J7  6  1 12  3  3  51  2  0  563 233  8 52
356 124 Collection  J7  7  1 15  3  4  52  2  0  564 234  8 51
357 123 Collection  J7  8  1 18  3  5  53  2  0  565 235  8 50
358 122 Collection  J7  9  1 21  3  6  54  2  0  566 236  8 49
359 121 Collection  J7 10  1 24  3  7  55  2  0  567 237  8 48
360 120 Collection  J7 11  1 27  3  8  56  2  0  568 238  8 63
361 119 Collection  J7 12  1 30  3  9  57  2  0  569 239  8 62
362 118 Collection  J7 13  1 33  3 10  58  2  0  570 23A  8 61
363 117 Collection  J7 14  1 36  3 11  59  2  0  571 23B  8 60
364 116 Collection  J7 15  1 39  3 12  60  2  0  572 23C  8 59
365 115 Collection  J7 16  1 42  3 13  61  2  0  573 23D  8 58
366 114 Collection  J7 17  1 45  3 14  62  2  0  574 23E  8 57
367 113 Collection  J7 18  1 48  3 15  63  2  0  575 23F  8 56
111  81  Induction J16 18  2 46  4  0  64  2  0  576 240  9  7
110  82  Induction J16 17  2 43  4  1  65  2  0  577 241  9  6
109  83  Induction J16 16  2 40  4  2  66  2  0  578 242  9  5
108  84  Induction J16 15  2 37  4  3  67  2  0  579 243  9  4
107  85  Induction J16 14  2 34  4  4  68  2  0  580 244  9  3
106  86  Induction J16 13  2 31  4  5  69  2  0  581 245  9  2
105  87  Induction J16 12  2 28  4  6  70  2  0  582 246  9  1
104  88  Induction J16 11  2 25  4  7  71  2  0  583 247  9  0
103  89  Induction J16 10  2 22  4  8  72  2  0  584 248  9 15
102  90  Induction J16  9  2 19  4  9  73  2  0  585 249  9 14
101  91  Induction J16  8  2 16  4 10  74  2  0  586 24A  9 13
100  92  Induction J16  7  2 13  4 11  75  2  0  587 24B  9 12
 99  93  Induction J16  6  2 10  4 12  76  2  0  588 24C  9 11
 98  94  Induction J16  5  2  7  4 13  77  2  0  589 24D  9 10
 97  95  Induction J16  4  2  4  4 14  78  2  0  590 24E  9  9
 96  96  Induction J16  3  2  1  4 15  79  2  0  591 24F  9  8
127  65  Induction J22 18  2 94  5  0  80  2  0  592 250  9 23
126  66  Induction J22 17  2 91  5  1  81  2  0  593 251  9 22
125  67  Induction J22 16  2 88  5  2  82  2  0  594 252  9 21
124  68  Induction J22 15  2 85  5  3  83  2  0  595 253  9 20
123  69  Induction J22 14  2 82  5  4  84  2  0  596 254  9 19
122  70  Induction J22 13  2 79  5  5  85  2  0  597 255  9 18
121  71  Induction J22 12  2 76  5  6  86  2  0  598 256  9 17
120  72  Induction J22 11  2 73  5  7  87  2  0  599 257  9 16
119  73  Induction J22 10  2 70  5  8  88  2  0  600 258  9 31
118  74  Induction J22  9  2 67  5  9  89  2  0  601 259  9 30
117  75  Induction J22  8  2 64  5 10  90  2  0  602 25A  9 29
116  76  Induction J22  7  2 61  5 11  91  2  0  603 25B  9 28
115  77  Induction J22  6  2 58  5 12  92  2  0  604 25C  9 27
114  78  Induction J22  5  2 55  5 13  93  2  0  605 25D  9 26
113  79  Induction J22  4  2 52  5 14  94  2  0  606 25E  9 25
112  80  Induction J22  3  2 49  5 15  95  2  0  607 25F  9 24
384  96 Collection J19  3  2  3  6  0  96  2  0  608 260  9 39
385  95 Collection J19  4  2  6  6  1  97  2  0  609 261  9 38
386  94 Collection J19  5  2  9  6  2  98  2  0  610 262  9 37
387  93 Collection J19  6  2 12  6  3  99  2  0  611 263  9 36
388  92 Collection J19  7  2 15  6  4 100  2  0  612 264  9 35
389  91 Collection J19  8  2 18  6  5 101  2  0  613 265  9 34
390  90 Collection J19  9  2 21  6  6 102  2  0  614 266  9 33
391  89 Collection J19 10  2 24  6  7 103  2  0  615 267  9 32
392  88 Collection J19 11  2 27  6  8 104  2  0  616 268  9 47
393  87 Collection J19 12  2 30  6  9 105  2  0  617 269  9 46
394  86 Collection J19 13  2 33  6 10 106  2  0  618 26A  9 45
395  85 Collection J19 14  2 36  6 11 107  2  0  619 26B  9 44
396  84 Collection J19 15  2 39  6 12 108  2  0  620 26C  9 43
397  83 Collection J19 16  2 42  6 13 109  2  0  621 26D  9 42
398  82 Collection J19 17  2 45  6 14 110  2  0  622 26E  9 41
399  81 Collection J19 18  2 48  6 15 111  2  0  623 26F  9 40
400  80 Collection J25  3  2 51  7  0 112  2  0  624 270  9 55
401  79 Collection J25  4  2 54  7  1 113  2  0  625 271  9 54
402  78 Collection J25  5  2 57  7  2 114  2  0  626 272  9 53
403  77 Collection J25  6  2 60  7  3 115  2  0  627 273  9 52
404  76 Collection J25  7  2 63  7  4 116  2  0  628 274  9 51
405  75 Collection J25  8  2 66  7  5 117  2  0  629 275  9 50
406  74 Collection J25  9  2 69  7  6 118  2  0  630 276  9 49
407  73 Collection J25 10  2 72  7  7 119  2  0  631 277  9 48
408  72 Collection J25 11  2 75  7  8 120  2  0  632 278  9 63
409  71 Collection J25 12  2 78  7  9 121  2  0  633 279  9 62
410  70 Collection J25 13  2 81  7 10 122  2  0  634 27A  9 61
411  69 Collection J25 14  2 84  7 11 123  2  0  635 27B  9 60
412  68 Collection J25 15  2 87  7 12 124  2  0  636 27C  9 59
413  67 Collection J25 16  2 90  7 13 125  2  0  637 27D  9 58
414  66 Collection J25 17  2 93  7 14 126  2  0  638 27E  9 57
415  65 Collection J25 18  2 96  7 15 127  2  0  639 27F  9 56
159  33  Induction  J9 18  1 94  0  0   1  3  0  769 301 10  7
158  34  Induction  J9 17  1 91  0  1   0  3  0  768 300 10  6
157  35  Induction  J9 16  1 88  0  2   2  3  0  770 302 10  5
156  36  Induction  J9 15  1 85  0  3   3  3  0  771 303 10  4
155  37  Induction  J9 14  1 82  0  4   4  3  0  772 304 10  3
154  38  Induction  J9 13  1 79  0  5   5  3  0  773 305 10  2
153  39  Induction  J9 12  1 76  0  6   6  3  0  774 306 10  1
152  40  Induction  J9 11  1 73  0  7   7  3  0  775 307 10  0
151  41  Induction  J9 10  1 70  0  8   8  3  0  776 308 10 15
150  42  Induction  J9  9  1 67  0  9   9  3  0  777 309 10 14
149  43  Induction  J9  8  1 64  0 10  10  3  0  778 30A 10 13
148  44  Induction  J9  7  1 61  0 11  11  3  0  779 30B 10 12
147  45  Induction  J9  6  1 58  0 12  12  3  0  780 30C 10 11
146  46  Induction  J9  5  1 55  0 13  13  3  0  781 30D 10 10
145  47  Induction  J9  4  1 52  0 14  14  3  0  782 30E 10  9
144  48  Induction  J9  3  1 49  0 15  15  3  0  783 30F 10  8
143  49  Induction  J3 18  1 46  1  0  16  3  0  784 310 10 23
142  50  Induction  J3 17  1 43  1  1  17  3  0  785 311 10 22
141  51  Induction  J3 16  1 40  1  2  18  3  0  786 312 10 21
140  52  Induction  J3 15  1 37  1  3  19  3  0  787 313 10 20
139  53  Induction  J3 14  1 34  1  4  20  3  0  788 314 10 19
138  54  Induction  J3 13  1 31  1  5  21  3  0  789 315 10 18
137  55  Induction  J3 12  1 28  1  6  22  3  0  790 316 10 17
136  56  Induction  J3 11  1 25  1  7  23  3  0  791 317 10 16
135  57  Induction  J3 10  1 22  1  8  24  3  0  792 318 10 31
134  58  Induction  J3  9  1 19  1  9  25  3  0  793 319 10 30
133  59  Induction  J3  8  1 16  1 10  26  3  0  794 31A 10 29
132  60  Induction  J3  7  1 13  1 11  27  3  0  795 31B 10 28
131  61  Induction  J3  6  1 10  1 12  28  3  0  796 31C 10 27
130  62  Induction  J3  5  1  7  1 13  29  3  0  797 31D 10 26
129  63  Induction  J3  4  1  4  1 14  30  3  0  798 31E 10 25
128  64  Induction  J3  3  1  1  1 15  31  3  0  799 31F 10 24
432  48 Collection J12  3  1 51  2  0  32  3  0  800 320 10 39
433  47 Collection J12  4  1 54  2  1  33  3  0  801 321 10 38
434  46 Collection J12  5  1 57  2  2  34  3  0  802 322 10 37
435  45 Collection J12  6  1 60  2  3  35  3  0  803 323 10 36
436  44 Collection J12  7  1 63  2  4  36  3  0  804 324 10 35
437  43 Collection J12  8  1 66  2  5  37  3  0  805 325 10 34
438  42 Collection J12  9  1 69  2  6  38  3  0  806 326 10 33
439  41 Collection J12 10  1 72  2  7  39  3  0  807 327 10 32
440  40 Collection J12 11  1 75  2  8  40  3  0  808 328 10 47
441  39 Collection J12 12  1 78  2  9  41  3  0  809 329 10 46
442  38 Collection J12 13  1 81  2 10  42  3  0  810 32A 10 45
443  37 Collection J12 14  1 84  2 11  43  3  0  811 32B 10 44
444  36 Collection J12 15  1 87  2 12  44  3  0  812 32C 10 43
445  35 Collection J12 16  1 90  2 13  45  3  0  813 32D 10 42
446  34 Collection J12 17  1 93  2 14  46  3  0  814 32E 10 41
447  33 Collection J12 18  1 96  2 15  47  3  0  815 32F 10 40
416  64 Collection  J6  3  1  3  3  0  48  3  0  816 330 10 55
417  63 Collection  J6  4  1  6  3  1  49  3  0  817 331 10 54
418  62 Collection  J6  5  1  9  3  2  50  3  0  818 332 10 53
419  61 Collection  J6  6  1 12  3  3  51  3  0  819 333 10 52
420  60 Collection  J6  7  1 15  3  4  52  3  0  820 334 10 51
421  59 Collection  J6  8  1 18  3  5  53  3  0  821 335 10 50
422  58 Collection  J6  9  1 21  3  6  54  3  0  822 336 10 49
423  57 Collection  J6 10  1 24  3  7  55  3  0  823 337 10 48
424  56 Collection  J6 11  1 27  3  8  56  3  0  824 338 10 63
425  55 Collection  J6 12  1 30  3  9  57  3  0  825 339 10 62
426  54 Collection  J6 13  1 33  3 10  58  3  0  826 33A 10 61
427  53 Collection  J6 14  1 36  3 11  59  3  0  827 33B 10 60
428  52 Collection  J6 15  1 39  3 12  60  3  0  828 33C 10 59
429  51 Collection  J6 16  1 42  3 13  61  3  0  829 33D 10 58
430  50 Collection  J6 17  1 45  3 14  62  3  0  830 33E 10 57
431  49 Collection  J6 18  1 48  3 15  63  3  0  831 33F 10 56
175  17  Induction J15 18  2 46  4  0  64  3  0  832 340 11  7
174  18  Induction J15 17  2 43  4  1  65  3  0  833 341 11  6
173  19  Induction J15 16  2 40  4  2  66  3  0  834 342 11  5
172  20  Induction J15 15  2 37  4  3  67  3  0  835 343 11  4
171  21  Induction J15 14  2 34  4  4  68  3  0  836 344 11  3
170  22  Induction J15 13  2 31  4  5  69  3  0  837 345 11  2
169  23  Induction J15 12  2 28  4  6  70  3  0  838 346 11  1
168  24  Induction J15 11  2 25  4  7  71  3  0  839 347 11  0
167  25  Induction J15 10  2 22  4  8  72  3  0  840 348 11 15
166  26  Induction J15  9  2 19  4  9  73  3  0  841 349 11 14
165  27  Induction J15  8  2 16  4 10  74  3  0  842 34A 11 13
164  28  Induction J15  7  2 13  4 11  75  3  0  843 34B 11 12
163  29  Induction J15  6  2 10  4 12  76  3  0  844 34C 11 11
162  30  Induction J15  5  2  7  4 13  77  3  0  845 34D 11 10
161  31  Induction J15  4  2  4  4 14  78  3  0  846 34E 11  9
160  32  Induction J15  3  2  1  4 15  79  3  0  847 34F 11  8
191   1  Induction J21 18  2 94  5  0  80  3  0  848 350 11 23
190   2  Induction J21 17  2 91  5  1  81  3  0  849 351 11 22
189   3  Induction J21 16  2 88  5  2  82  3  0  850 352 11 21
188   4  Induction J21 15  2 85  5  3  83  3  0  851 353 11 20
187   5  Induction J21 14  2 82  5  4  84  3  0  852 354 11 19
186   6  Induction J21 13  2 79  5  5  85  3  0  853 355 11 18
185   7  Induction J21 12  2 76  5  6  86  3  0  854 356 11 17
184   8  Induction J21 11  2 73  5  7  87  3  0  855 357 11 16
183   9  Induction J21 10  2 70  5  8  88  3  0  856 358 11 31
182  10  Induction J21  9  2 67  5  9  89  3  0  857 359 11 30
181  11  Induction J21  8  2 64  5 10  90  3  0  858 35A 11 29
180  12  Induction J21  7  2 61  5 11  91  3  0  859 35B 11 28
179  13  Induction J21  6  2 58  5 12  92  3  0  860 35C 11 27
178  14  Induction J21  5  2 55  5 13  93  3  0  861 35D 11 26
177  15  Induction J21  4  2 52  5 14  94  3  0  862 35E 11 25
176  16  Induction J21  3  2 49  5 15  95  3  0  863 35F 11 24
448  32 Collection J18  3  2  3  6  0  96  3  0  864 360 11 39
449  31 Collection J18  4  2  6  6  1  97  3  0  865 361 11 38
450  30 Collection J18  5  2  9  6  2  98  3  0  866 362 11 37
451  29 Collection J18  6  2 12  6  3  99  3  0  867 363 11 36
452  28 Collection J18  7  2 15  6  4 100  3  0  868 364 11 35
453  27 Collection J18  8  2 18  6  5 101  3  0  869 365 11 34
454  26 Collection J18  9  2 21  6  6 102  3  0  870 366 11 33
455  25 Collection J18 10  2 24  6  7 103  3  0  871 367 11 32
456  24 Collection J18 11  2 27  6  8 104  3  0  872 368 11 47
457  23 Collection J18 12  2 30  6  9 105  3  0  873 369 11 46
458  22 Collection J18 13  2 33  6 10 106  3  0  874 36A 11 45
459  21 Collection J18 14  2 36  6 11 107  3  0  875 36B 11 44
460  20 Collection J18 15  2 39  6 12 108  3  0  876 36C 11 43
461  19 Collection J18 16  2 42  6 13 109  3  0  877 36D 11 42
462  18 Collection J18 17  2 45  6 14 110  3  0  878 36E 11 41
463  17 Collection J18 18  2 48  6 15 111  3  0  879 36F 11 40
464  16 Collection J24  3  2 51  7  0 112  3  0  880 370 11 55
465  15 Collection J24  4  2 54  7  1 113  3  0  881 371 11 54
466  14 Collection J24  5  2 57  7  2 114  3  0  882 372 11 53
467  13 Collection J24  6  2 60  7  3 115  3  0  883 373 11 52
468  12 Collection J24  7  2 63  7  4 116  3  0  884 374 11 51
469  11 Collection J24  8  2 66  7  5 117  3  0  885 375 11 50
470  10 Collection J24  9  2 69  7  6 118  3  0  886 376 11 49
471   9 Collection J24 10  2 72  7  7 119  3  0  887 377 11 48
472   8 Collection J24 11  2 75  7  8 120  3  0  888 378 11 63
473   7 Collection J24 12  2 78  7  9 121  3  0  889 379 11 62
474   6 Collection J24 13  2 81  7 10 122  3  0  890 37A 11 61
475   5 Collection J24 14  2 84  7 11 123  3  0  891 37B 11 60
476   4 Collection J24 15  2 87  7 12 124  3  0  892 37C 11 59
477   3 Collection J24 16  2 90  7 13 125  3  0  893 37D 11 58
478   2 Collection J24 17  2 93  7 14 126  3  0  894 37E 11 57
479   1 Collection J24 18  2 96  7 15 127  3  0  895 37F 11 56
 -1  -1    NotUsed N/A -1 -1 -1  0  0  -1  4 -1   -1 NAN 12  7
 -1  -1    NotUsed N/A -1 -1 -1  0  1  -1  4 -1   -1 NAN 12  6
 -1  -1    NotUsed N/A -1 -1 -1  0  2  -1  4 -1   -1 NAN 12  5
 -1  -1    NotUsed N/A -1 -1 -1  0  3  -1  4 -1   -1 NAN 12  4
 -1  -1    NotUsed N/A -1 -1 -1  0  4  -1  4 -1   -1 NAN 12  3
 -1  -1    NotUsed N/A -1 -1 -1  0  5  -1  4 -1   -1 NAN 12  2
 -1  -1    NotUsed N/A -1 -1 -1  0  6  -1  4 -1   -1 NAN 12  1
 -1  -1    NotUsed N/A -1 -1 -1  0  7  -1  4 -1   -1 NAN 12  0
 -1  -1    NotUsed N/A -1 -1 -1  0  8  -1  4 -1   -1 NAN 12 15
 -1  -1    NotUsed N/A -1 -1 -1  0  9  -1  4 -1   -1 NAN 12 14
 -1  -1    NotUsed N/A -1 -1 -1  0 10  -1  4 -1   -1 NAN 12 13
 -1  -1    NotUsed N/A -1 -1 -1  0 11  -1  4 -1   -1 NAN 12 12
 -1  -1    NotUsed N/A -1 -1 -1  0 12  -1  4 -1   -1 NAN 12 11
 -1  -1    NotUsed N/A -1 -1 -1  0 13  -1  4 -1   -1 NAN 12 10
 -1  -1    NotUsed N/A -1 -1 -1  0 14  -1  4 -1   -1 NAN 12  9
 -1  -1    NotUsed N/A -1 -1 -1  0 15  -1  4 -1   -1 NAN 12  8
 -1  -1    NotUsed N/A -1 -1 -1  1  0  -1  4 -1   -1 NAN 12 23
 -1  -1    NotUsed N/A -1 -1 -1  1  1  -1  4 -1   -1 NAN 12 22
 -1  -1    NotUsed N/A -1 -1 -1  1  2  -1  4 -1   -1 NAN 12 21
 -1  -1    NotUsed N/A -1 -1 -1  1  3  -1  4 -1   -1 NAN 12 20
 -1  -1    NotUsed N/A -1 -1 -1  1  4  -1  4 -1   -1 NAN 12 19
 -1  -1    NotUsed N/A -1 -1 -1  1  5  -1  4 -1   -1 NAN 12 18
 -1  -1    NotUsed N/A -1 -1 -1  1  6  -1  4 -1   -1 NAN 12 17
 -1  -1    NotUsed N/A -1 -1 -1  1  7  -1  4 -1   -1 NAN 12 16
 -1  -1    NotUsed N/A -1 -1 -1  1  8  -1  4 -1   -1 NAN 12 31
 -1  -1    NotUsed N/A -1 -1 -1  1  9  -1  4 -1   -1 NAN 12 30
 -1  -1    NotUsed N/A -1 -1 -1  1 10  -1  4 -1   -1 NAN 12 29
 -1  -1    NotUsed N/A -1 -1 -1  1 11  -1  4 -1   -1 NAN 12 28
 -1  -1    NotUsed N/A -1 -1 -1  1 12  -1  4 -1   -1 NAN 12 27
 -1  -1    NotUsed N/A -1 -1 -1  1 13  -1  4 -1   -1 NAN 12 26
 -1  -1    NotUsed N/A -1 -1 -1  1 14  -1  4 -1   -1 NAN 12 25
 -1  -1    NotUsed N/A -1 -1 -1  1 15  -1  4 -1   -1 NAN 12 24
208 209  Induction J14  3  2  3  2  0  32  4  1 1056 420 12 39
209 210  Induction J14  4  2  6  2  1  33  4  1 1057 421 12 38
210 211  Induction J14  5  2  9  2  2  34  4  1 1058 422 12 37
211 212  Induction J14  6  2 12  2  3  35  4  1 1059 423 12 36
212 213  Induction J14  7  2 15  2  4  36  4  1 1060 424 12 35
213 214  Induction J14  8  2 18  2  5  37  4  1 1061 425 12 34
214 215  Induction J14  9  2 21  2  6  38  4  1 1062 426 12 33
215 216  Induction J14 10  2 24  2  7  39  4  1 1063 427 12 32
216 217  Induction J14 11  2 27  2  8  40  4  1 1064 428 12 47
217 218  Induction J14 12  2 30  2  9  41  4  1 1065 429 12 46
218 219  Induction J14 13  2 33  2 10  42  4  1 1066 42A 12 45
219 220  Induction J14 14  2 36  2 11  43  4  1 1067 42B 12 44
220 221  Induction J14 15  2 39  2 12  44  4  1 1068 42C 12 43
221 222  Induction J14 16  2 42  2 13  45  4  1 1069 42D 12 42
222 223  Induction J14 17  2 45  2 14  46  4  1 1070 42E 12 41
223 224  Induction J14 18  2 48  2 15  47  4  1 1071 42F 12 40
192 193  Induction  J8  3  1 51  3  0  48  4  1 1072 430 12 55
193 194  Induction  J8  4  1 54  3  1  49  4  1 1073 431 12 54
194 195  Induction  J8  5  1 57  3  2  50  4  1 1074 432 12 53
195 196  Induction  J8  6  1 60  3  3  51  4  1 1075 433 12 52
196 197  Induction  J8  7  1 63  3  4  52  4  1 1076 434 12 51
197 198  Induction  J8  8  1 66  3  5  53  4  1 1077 435 12 50
198 199  Induction  J8  9  1 69  3  6  54  4  1 1078 436 12 49
199 200  Induction  J8 10  1 72  3  7  55  4  1 1079 437 12 48
200 201  Induction  J8 11  1 75  3  8  56  4  1 1080 438 12 63
201 202  Induction  J8 12  1 78  3  9  57  4  1 1081 439 12 62
202 203  Induction  J8 13  1 81  3 10  58  4  1 1082 43A 12 61
203 204  Induction  J8 14  1 84  3 11  59  4  1 1083 43B 12 60
204 205  Induction  J8 15  1 87  3 12  60  4  1 1084 43C 12 59
205 206  Induction  J8 16  1 90  3 13  61  4  1 1085 43D 12 58
206 207  Induction  J8 17  1 93  3 14  62  4  1 1086 43E 12 57
207 208  Induction  J8 18  1 96  3 15  63  4  1 1087 43F 12 56
 -1  -1    NotUsed N/A -1 -1 -1  4  0  -1  4 -1   -1 NAN 13  7
 -1  -1    NotUsed N/A -1 -1 -1  4  1  -1  4 -1   -1 NAN 13  6
 -1  -1    NotUsed N/A -1 -1 -1  4  2  -1  4 -1   -1 NAN 13  5
 -1  -1    NotUsed N/A -1 -1 -1  4  3  -1  4 -1   -1 NAN 13  4
 -1  -1    NotUsed N/A -1 -1 -1  4  4  -1  4 -1   -1 NAN 13  3
 -1  -1    NotUsed N/A -1 -1 -1  4  5  -1  4 -1   -1 NAN 13  2
 -1  -1    NotUsed N/A -1 -1 -1  4  6  -1  4 -1   -1 NAN 13  1
 -1  -1    NotUsed N/A -1 -1 -1  4  7  -1  4 -1   -1 NAN 13  0
 -1  -1    NotUsed N/A -1 -1 -1  4  8  -1  4 -1   -1 NAN 13 15
 -1  -1    NotUsed N/A -1 -1 -1  4  9  -1  4 -1   -1 NAN 13 14
 -1  -1    NotUsed N/A -1 -1 -1  4 10  -1  4 -1   -1 NAN 13 13
 -1  -1    NotUsed N/A -1 -1 -1  4 11  -1  4 -1   -1 NAN 13 12
 -1  -1    NotUsed N/A -1 -1 -1  4 12  -1  4 -1   -1 NAN 13 11
 -1  -1    NotUsed N/A -1 -1 -1  4 13  -1  4 -1   -1 NAN 13 10
 -1  -1    NotUsed N/A -1 -1 -1  4 14  -1  4 -1   -1 NAN 13  9
 -1  -1    NotUsed N/A -1 -1 -1  4 15  -1  4 -1   -1 NAN 13  8
 -1  -1    NotUsed N/A -1 -1 -1  5  0  -1  4 -1   -1 NAN 13 23
 -1  -1    NotUsed N/A -1 -1 -1  5  1  -1  4 -1   -1 NAN 13 22
 -1  -1    NotUsed N/A -1 -1 -1  5  2  -1  4 -1   -1 NAN 13 21
 -1  -1    NotUsed N/A -1 -1 -1  5  3  -1  4 -1   -1 NAN 13 20
 -1  -1    NotUsed N/A -1 -1 -1  5  4  -1  4 -1   -1 NAN 13 19
 -1  -1    NotUsed N/A -1 -1 -1  5  5  -1  4 -1   -1 NAN 13 18
 -1  -1    NotUsed N/A -1 -1 -1  5  6  -1  4 -1   -1 NAN 13 17
 -1  -1    NotUsed N/A -1 -1 -1  5  7  -1  4 -1   -1 NAN 13 16
 -1  -1    NotUsed N/A -1 -1 -1  5  8  -1  4 -1   -1 NAN 13 31
 -1  -1    NotUsed N/A -1 -1 -1  5  9  -1  4 -1   -1 NAN 13 30
 -1  -1    NotUsed N/A -1 -1 -1  5 10  -1  4 -1   -1 NAN 13 29
 -1  -1    NotUsed N/A -1 -1 -1  5 11  -1  4 -1   -1 NAN 13 28
 -1  -1    NotUsed N/A -1 -1 -1  5 12  -1  4 -1   -1 NAN 13 27
 -1  -1    NotUsed N/A -1 -1 -1  5 13  -1  4 -1   -1 NAN 13 26
 -1  -1    NotUsed N/A -1 -1 -1  5 14  -1  4 -1   -1 NAN 13 25
 -1  -1    NotUsed N/A -1 -1 -1  5 15  -1  4 -1   -1 NAN 13 24
224 225  Induction J20  3  2 51  6  0  96  4  1 1120 460 13 39
225 226  Induction J20  4  2 54  6  1  97  4  1 1121 461 13 38
226 227  Induction J20  5  2 57  6  2  98  4  1 1122 462 13 37
227 228  Induction J20  6  2 60  6  3  99  4  1 1123 463 13 36
228 229  Induction J20  7  2 63  6  4 100  4  1 1124 464 13 35
229 230  Induction J20  8  2 66  6  5 101  4  1 1125 465 13 34
230 231  Induction J20  9  2 69  6  6 102  4  1 1126 466 13 33
231 232  Induction J20 10  2 72  6  7 103  4  1 1127 467 13 32
232 233  Induction J20 11  2 75  6  8 104  4  1 1128 468 13 47
233 234  Induction J20 12  2 78  6  9 105  4  1 1129 469 13 46
234 235  Induction J20 13  2 81  6 10 106  4  1 1130 46A 13 45
235 236  Induction J20 14  2 84  6 11 107  4  1 1131 46B 13 44
236 237  Induction J20 15  2 87  6 12 108  4  1 1132 46C 13 43
237 238  Induction J20 16  2 90  6 13 109  4  1 1133 46D 13 42
238 239  Induction J20 17  2 93  6 14 110  4  1 1134 46E 13 41
239 240  Induction J20 18  2 96  6 15 111  4  1 1135 46F 13 40
 -1  -1    NotUsed N/A -1 -1 -1  7  0  -1  4 -1   -1 NAN 13 55
 -1  -1    NotUsed N/A -1 -1 -1  7  1  -1  4 -1   -1 NAN 13 54
 -1  -1    NotUsed N/A -1 -1 -1  7  2  -1  4 -1   -1 NAN 13 53
 -1  -1    NotUsed N/A -1 -1 -1  7  3  -1  4 -1   -1 NAN 13 52
 -1  -1    NotUsed N/A -1 -1 -1  7  4  -1  4 -1   -1 NAN 13 51
 -1  -1    NotUsed N/A -1 -1 -1  7  5  -1  4 -1   -1 NAN 13 50
 -1  -1    NotUsed N/A -1 -1 -1  7  6  -1  4 -1   -1 NAN 13 49
 -1  -1    NotUsed N/A -1 -1 -1  7  7  -1  4 -1   -1 NAN 13 48
 -1  -1    NotUsed N/A -1 -1 -1  7  8  -1  4 -1   -1 NAN 13 63
 -1  -1    NotUsed N/A -1 -1 -1  7  9  -1  4 -1   -1 NAN 13 62
 -1  -1    NotUsed N/A -1 -1 -1  7 10  -1  4 -1   -1 NAN 13 61
 -1  -1    NotUsed N/A -1 -1 -1  7 11  -1  4 -1   -1 NAN 13 60
 -1  -1    NotUsed N/A -1 -1 -1  7 12  -1  4 -1   -1 NAN 13 59
 -1  -1    NotUsed N/A -1 -1 -1  7 13  -1  4 -1   -1 NAN 13 58
 -1  -1    NotUsed N/A -1 -1 -1  7 14  -1  4 -1   -1 NAN 13 57
 -1  -1    NotUsed N/A -1 -1 -1  7 15  -1  4 -1   -1 NAN 13 56
